max_epochs: 20
batch_size: 3
f1: 24
k1: 3
learning_rate: 0.004365589072398617
weight_decay: 0.002602363920470855
