max_epochs: 2
batch_size: 2
learning_rate: 0.002
weight_decay: 1.2697111322756407e-05
f1: 36
k1: 3
last test_loss: [0.]
test_loss: [[0.01397714]
 [0.        ]]
training time: h:0 m:8 s:56
