max_epochs: 15
batch_size: 5
f1: 81.16489769938575
k1: 3
learning_rate: 0.000203228544324115
weight_decay: 1.2697111322756407e-05
